0
1
2
3
4
5
6
7
10
11
12
13
14
15
16
17
19
20
21
24
25
26
27
28
29
30
31
32
33
34
35
36
37
38
39
40
41
42
43
44
46
48
49
51
52
53
54
55
56
57
58
59
62
63
64
65
66
67
68
69
70
73
74
75
78
79
80
81
83
85
86
87
88
89
90
94
95
96
97
98
99
100
101
102
103
104
106
107
108
109
110
111
112
113
114
115
116
117
118
119
120
121
123
124
125
126
127
128
130
133
134
135
138
139
140
141
142
143
144
145
146
148
149
150
153
154
155
156
157
158
159
160
161
163
164
165
166
168
169
170
171
172
173
174
175
177
178
180
181
182
183
185
186
187
188
190
191
192
193
194
197
198
199
200
201
202
204
205
206
207
208
209
210
211
212
213
214
216
217
218
219
220
221
222
224
225
226
228
229
230
231
233
234
235
236
237
239
240
242
243
244
245
246
248
249
250
252
253
254
255
256
257
258
259
260
261
263
264
266
268
270
271
273
274
277
278
279
280
281
282
284
285
288
289
290
293
294
295
297
299
